0.6153097125887871
0.5116334923356771
0.463672011718154
0.4392408961057663
0.42420332185924053
0.4105417343229055
0.8965745279937982
0.4049037791788578
0.37906288526952264
0.3649313086271286
0.3562118633463979
0.34981672078371046
0.3421306521445513
7.494165706187487
20.512159523963927
16.545136277675628
15.41640962600708
14.382110406160354
13.357290015220642
14.978098685741424
16.757390331736207
23.774795038032533
18.16250430021882
16.913955663102865
19.424946358308198
16.84378207514584
15.936408166587352
15.305270898228883
19.96566161364019
15.659661701613665
15.672200543144346
14.902435259994865
14.70205008417368
18.144204846400022
18.384017551371453
16.257948182806373
13.470034316930175
15.025097341790795
14.762844324108958
16.254558236765863
16.35113229419887
14.506339931625128
18.66726931577921
15.879654488733411
16.272345824983717
16.963356700742246
16.519625959098338
17.53532404308319
15.248401741421223
14.709873720103502
13.441541948217154
17.0288495565176
13.133340372732281
