0.047831315263174475
0.015527623079251499
0.011793299147393554
0.010480216213036329
0.009983399028424173
0.00976256539579481
0.010220653403084725
0.010011509533505887
0.010827948697842657
0.011778662472497672
0.01292001188499853
0.014855968917254358
0.016458419596310704
0.054159163038711995
0.17312881093472243
0.2130206337571144
0.24407443296164275
0.2799962438642979
0.3155427023023367
0.3415929736196995
0.048199060343485325
0.04539374284837395
0.3118906588628888
0.8549015880584717
1.56055195530653
2.7413812079668043
4.138961072587967
5.8239958591938015
7.08644378490448
9.91316999387741
12.369834781551361
15.333406122207641
18.484742232227326
20.38112113275528
23.828626206684113
28.4255119846344
34.20177800254822
37.74605284957886
42.5550238445282
46.430446127700804
51.562359051132205
58.58550642089844
59.8711458946228
68.91265354194641
74.80596210250854
79.90254298171998
87.49919223823548
93.01528657989502
104.17511377182007
112.89767326812745
123.97721472702027
124.19708165206909
142.18631120147705
149.4328325668335
142.14295635528563
161.67008534317017
163.32590632781984
186.9442336380005
197.49608042144774
211.41846068878175
210.10368757324218
206.05577715911866
225.18300698013306
250.04960406951903
261.0205608917236
273.12992512817385
287.20657800598144
267.51574611358643
299.3682897628784
311.05994238586425
327.18454450531004
